9.898989898989899450e-01
9.896117623064299984e-01
9.905631745236586072e-01
9.893827500218601578e-01
9.882721503226097326e-01
9.888595690125794313e-01
9.879310936257242881e-01
9.896889612923206458e-01
9.883041037723147015e-01
9.888074525219803235e-01
9.885994742675876523e-01
9.884085256922137130e-01
9.879223842970719094e-01
9.879363542882423355e-01
9.890820326781755156e-01
9.881280712282396461e-01
9.883199453242732524e-01
9.882419630223951978e-01
9.879958782097504333e-01
9.880937938511950014e-01
9.881849558438331460e-01
9.882690444765664939e-01
9.882397049927617028e-01
9.883087667232522966e-01
9.883733394998831523e-01
9.866759411688882375e-01
9.867552980379773464e-01
9.868444325569956099e-01
9.869334245968632846e-01
9.870246700114073679e-01
9.871185116260366987e-01
9.872110448018402984e-01
9.873020266650421872e-01
9.873912933391879587e-01
9.874787639687566676e-01
9.875644193613783983e-01
9.876482846234985180e-01
9.877303652813018697e-01
9.878107028724986138e-01
9.878893388683741561e-01
9.879663255509509856e-01
9.880417191706004632e-01
9.881155542951579607e-01
9.881879151942917217e-01
9.882588039583366513e-01
9.883282652494613796e-01
9.883958435057492720e-01
9.884609168173681404e-01
9.885244418217676854e-01
9.885868878015485750e-01
9.884985749897923224e-01
9.885605036331026607e-01
9.886215092569007323e-01
9.886816709038520612e-01
9.887410448588211942e-01
9.887996375773454583e-01
9.888584605427969132e-01
9.889166653042715804e-01
9.889740254643075712e-01
9.890305845004327967e-01
9.890862884136694122e-01
9.891410839788878917e-01
9.891929610261863681e-01
9.892427006584116889e-01
9.892920448367104047e-01
9.893409597546265477e-01
9.893898062377846081e-01
9.894396635057571832e-01
9.894883065380417619e-01
9.895346552894064285e-01
9.895874589508405483e-01
9.896638917380965461e-01
9.897273735635655489e-01
9.897280179404965850e-01
9.897520041420611037e-01
9.897846202393034698e-01
9.898077913630995983e-01
9.897775736563027005e-01
9.898035698779019675e-01
9.898179920879934812e-01
9.898318089332504011e-01
9.898458821297092536e-01
9.898584840039785782e-01
9.898614051521981150e-01
9.898704417914636622e-01
9.898763695272546626e-01
9.898836400335329078e-01
9.898901540930261644e-01
9.898961882459689221e-01
9.898980868807021327e-01
9.898989455638753654e-01
