0.000000000000000000e+00
6.652473808029829572e-01
6.915270556115078460e-01
7.130536552504055381e-01
7.329236615237704200e-01
7.528944133509966052e-01
7.703136208408865038e-01
7.888770931866657676e-01
8.041105240366503981e-01
8.200168379915335759e-01
8.347592277045412512e-01
8.489579337022946648e-01
8.624864865765582422e-01
8.758719886347848815e-01
8.894975292216399376e-01
9.015796505343121048e-01
9.139589203570132048e-01
9.258975281756337550e-01
9.374818296455231792e-01
9.489890203488298148e-01
9.602632348659685402e-01
9.713173280132225695e-01
9.821276559179490384e-01
9.927897808776157129e-01
1.003274507708863394e+00
1.012917569390803241e+00
1.023124640173423305e+00
1.033197342313044942e+00
1.043143774961822201e+00
1.052955886203949643e+00
1.062663022814952285e+00
1.072263747868642758e+00
1.081744072564159165e+00
1.091142789045008721e+00
1.100450226733822090e+00
1.109658971165321306e+00
1.118787348427169537e+00
1.127841757768749620e+00
1.136823480011476262e+00
1.145734698369804905e+00
1.154578048771282894e+00
1.163358028753120665e+00
1.172076378436344601e+00
1.180742139079661079e+00
1.189354364694912070e+00
1.197916341939445628e+00
1.206423144717883256e+00
1.214874901573864241e+00
1.223299077376084343e+00
1.231670844132505938e+00
1.239968754839933185e+00
1.248273681365497545e+00
1.256521388704594955e+00
1.264757062843966384e+00
1.272932801097861555e+00
1.281098891770700465e+00
1.289219145256309762e+00
1.297311912368528164e+00
1.305393999739333566e+00
1.313438476467925220e+00
1.321442647826936989e+00
1.329437193596551881e+00
1.337404624595904146e+00
1.345359821289092483e+00
1.353286596948788167e+00
1.361198814329899642e+00
1.369084584184370179e+00
1.376950583439959575e+00
1.384804262301136957e+00
1.392640830571097110e+00
1.400468875461194695e+00
1.408287711941255571e+00
1.416080200605930095e+00
1.423851531970528272e+00
1.431629642700079863e+00
1.439378978115026797e+00
1.447130803508846819e+00
1.454868227530849323e+00
1.462596831777050355e+00
1.470321821024690445e+00
1.478036716736623069e+00
1.485737782071832491e+00
1.493452464232045029e+00
1.501142948047102132e+00
1.508827395746121347e+00
1.516522374507135007e+00
1.524212305803798850e+00
1.531896952359111719e+00
1.539570519470729426e+00
1.547247689622488043e+00
1.554934218522719069e+00
