0.000000000000000000e+00
-3.898747240868701626e-06
1.574887070066386262e-06
8.886109765803199086e-07
-8.920213122560480547e-06
2.190149784170343585e-06
1.046614263234506185e-05
1.122564947651084477e-05
4.754070044199508559e-06
7.507490583245548867e-06
1.187867682657716050e-05
-8.610343259328725728e-06
7.083179452879126820e-06
-9.118022723797556206e-06
1.657910988830285884e-05
-2.540761356559496487e-06
-8.418733310262859195e-06
-1.069147474340082405e-05
-8.812586056010774624e-06
-7.328453551494812055e-06
-1.512871186902924747e-05
-1.372288995854531445e-05
-1.626146657881026850e-06
9.937354927856331259e-06
2.310700070301233504e-06
-7.990832742094286818e-06
1.555416214289870045e-05
-1.453259538034170004e-05
1.315576950030726650e-05
-9.618071423136924218e-06
8.260326652373014717e-06
-4.090954837464444105e-06
-1.234377356258026575e-06
8.144053888284597247e-06
-1.914395577811202805e-06
-1.034963621188931529e-05
-6.927553244869187702e-06
2.558215504440111374e-06
8.264609627551689410e-06
9.709939300279437686e-06
1.313927226717694096e-05
7.027347726500792296e-06
-3.188988610949958737e-06
-6.031870009943437744e-06
-1.154959116977593382e-05
-3.746013656056947923e-06
9.841753459740714425e-06
-5.070106723937171540e-06
-1.272179982880207044e-05
1.749721209359758649e-05
-5.539178008608663583e-06
-2.397434969033039599e-06
1.774125948741892637e-06
-2.935042132453339029e-06
-4.338733005426994221e-06
1.063745105617377868e-05
-1.406861442030801217e-05
-5.686005773341809920e-07
6.227934453458103850e-06
-2.540753182765963515e-06
-1.193570251831643367e-05
-1.189200777811073587e-06
-2.139574024988420983e-07
8.438859789618673220e-06
7.137537394370973931e-06
1.089627616492418294e-05
1.031380947357065138e-05
1.176733557292715871e-05
5.283228090374148556e-06
-3.727123260897141675e-06
-9.957760952029516977e-06
-9.875287528836446512e-07
8.877454777361690571e-06
-4.117467206550220545e-06
-7.204586522072564934e-06
7.018406847669229259e-06
-9.157403128533542772e-06
9.569998001213003071e-06
-1.056072350372380043e-05
9.086314038851378262e-06
-1.329505222116098474e-05
-6.265151230542243464e-06
-2.533980370967642553e-07
-8.596987464974003472e-06
4.205468659633281890e-07
8.060074531400242723e-06
5.616692898835634651e-06
-1.651249910411653946e-06
-9.793993652869985853e-06
-6.764988860200644592e-06
5.782590342728435871e-06
